         Index             t      Heatflow            Ts            Tr
           [#]             [s]             [mW]          [°C]          [°C]
             0   0.00000e+00  -1.43336e-01   3.74644e+02   3.75000e+02
             1   1.00000e-03  -1.32133e-01   3.74890e+02   3.75000e+02
             2   2.00000e-03  -1.05556e-01   3.74980e+02   3.75000e+02
             3   3.00000e-03  -7.92790e-02   3.75013e+02   3.75000e+02
             4   4.00000e-03  -6.26461e-02   3.75026e+02   3.75000e+02
             5   5.00000e-03  -5.41529e-02   3.75033e+02   3.75000e+02
             6   6.00000e-03  -5.05951e-02   3.75036e+02   3.75000e+02
             7   7.00000e-03  -4.97145e-02   3.75039e+02   3.75000e+02
             8   8.00000e-03  -5.02239e-02   3.75042e+02   3.75000e+02
             9   9.00000e-03  -5.09927e-02   3.75042e+02   3.75000e+02
            10   1.00000e-02  -5.21393e-02   3.75043e+02   3.75000e+02
            11   1.10000e-02  -5.29173e-02   3.75045e+02   3.75000e+02
            12   1.20000e-02  -5.29333e-02   3.75045e+02   3.75000e+02
            13   1.30000e-02  -5.30807e-02   3.75045e+02   3.75000e+02
            14   1.40000e-02  -5.35064e-02   3.75046e+02   3.75000e+02
            15   1.50000e-02  -5.36994e-02   3.75047e+02   3.75000e+02
            16   1.60000e-02  -5.39241e-02   3.75047e+02   3.75000e+02
            17   1.70000e-02  -5.42971e-02   3.75047e+02   3.75000e+02
            18   1.80000e-02  -5.44831e-02   3.75048e+02   3.75000e+02
            19   1.90000e-02  -5.45953e-02   3.75048e+02   3.75000e+02
            20   2.00000e-02  -5.45193e-02   3.75048e+02   3.75000e+02
            21   2.10000e-02  -5.43854e-02   3.75048e+02   3.75000e+02
            22   2.20000e-02  -5.44356e-02   3.75048e+02   3.75000e+02
            23   2.30000e-02  -5.45915e-02   3.75048e+02   3.75000e+02
            24   2.40000e-02  -5.46220e-02   3.75049e+02   3.75000e+02
            25   2.50000e-02  -5.47859e-02   3.75048e+02   3.75000e+02
            26   2.60000e-02  -5.54404e-02   3.75048e+02   3.75000e+02
            27   2.70000e-02  -5.54593e-02   3.75049e+02   3.75000e+02
            28   2.80000e-02  -5.50925e-02   3.75049e+02   3.75000e+02
            29   2.90000e-02  -5.53232e-02   3.75049e+02   3.75000e+02
            30   3.00000e-02  -5.55602e-02   3.75048e+02   3.75000e+02
            31   3.10000e-02  -5.55645e-02   3.75049e+02   3.75000e+02
            32   3.20000e-02  -5.54941e-02   3.75049e+02   3.75000e+02
            33   3.30000e-02  -5.53891e-02   3.75049e+02   3.75000e+02
            34   3.40000e-02  -5.55861e-02   3.75049e+02   3.75000e+02
            35   3.50000e-02  -5.54938e-02   3.75049e+02   3.75000e+02
            36   3.60000e-02  -5.55208e-02   3.75049e+02   3.75000e+02
            37   3.70000e-02  -5.55411e-02   3.75048e+02   3.75000e+02
            38   3.80000e-02  -5.54770e-02   3.75049e+02   3.75000e+02
            39   3.90000e-02  -5.54598e-02   3.75049e+02   3.75000e+02
            40   4.00000e-02  -5.54353e-02   3.75049e+02   3.75000e+02
            41   4.10000e-02  -5.54261e-02   3.75048e+02   3.75000e+02
            42   4.20000e-02  -5.53990e-02   3.75048e+02   3.75000e+02
            43   4.30000e-02  -5.54063e-02   3.75050e+02   3.75000e+02
            44   4.40000e-02  -5.53314e-02   3.75050e+02   3.75000e+02
            45   4.50000e-02  -5.54725e-02   3.75050e+02   3.75000e+02
            46   4.60000e-02  -5.54076e-02   3.75049e+02   3.75000e+02
            47   4.70000e-02  -5.53589e-02   3.75050e+02   3.75000e+02
            48   4.80000e-02  -5.54236e-02   3.75049e+02   3.75000e+02
            49   4.90000e-02  -5.56168e-02   3.75049e+02   3.75000e+02
            50   5.00000e-02  -5.55270e-02   3.75051e+02   3.75000e+02
            51   5.10000e-02  -5.55101e-02   3.75050e+02   3.75000e+02
            52   5.20000e-02  -5.55712e-02   3.75050e+02   3.75000e+02
            53   5.30000e-02  -5.57596e-02   3.75050e+02   3.75000e+02
            54   5.40000e-02  -5.52978e-02   3.75049e+02   3.75000e+02
            55   5.50000e-02  -5.51773e-02   3.75050e+02   3.75000e+02
            56   5.60000e-02  -5.54606e-02   3.75050e+02   3.75000e+02
            57   5.70000e-02  -5.55890e-02   3.75050e+02   3.75000e+02
            58   5.80000e-02  -5.51416e-02   3.75050e+02   3.75000e+02
            59   5.90000e-02  -5.52855e-02   3.75051e+02   3.75000e+02
            60   6.00000e-02  -5.56626e-02   3.75051e+02   3.75000e+02
            61   6.10000e-02  -5.56969e-02   3.75050e+02   3.75000e+02
            62   6.20000e-02  -5.54358e-02   3.75050e+02   3.75000e+02
            63   6.30000e-02  -5.53830e-02   3.75050e+02   3.75000e+02
            64   6.40000e-02  -5.57653e-02   3.75051e+02   3.75000e+02
            65   6.50000e-02  -5.54002e-02   3.75050e+02   3.75000e+02
            66   6.60000e-02  -5.53567e-02   3.75051e+02   3.75000e+02
            67   6.70000e-02  -5.56574e-02   3.75051e+02   3.75000e+02
            68   6.80000e-02  -5.52750e-02   3.75051e+02   3.75000e+02
            69   6.90000e-02  -5.52098e-02   3.75051e+02   3.75000e+02
            70   7.00000e-02  -5.50764e-02   3.75051e+02   3.75000e+02
            71   7.10000e-02  -5.53068e-02   3.75052e+02   3.75000e+02
            72   7.20000e-02  -5.53695e-02   3.75051e+02   3.75000e+02
            73   7.30000e-02  -5.52694e-02   3.75050e+02   3.75000e+02
            74   7.40000e-02  -5.55219e-02   3.75051e+02   3.75000e+02
            75   7.50000e-02  -5.51620e-02   3.75051e+02   3.75000e+02
            76   7.60000e-02  -5.53946e-02   3.75051e+02   3.75000e+02
            77   7.70000e-02  -5.53677e-02   3.75052e+02   3.75000e+02
            78   7.80000e-02  -5.52210e-02   3.75051e+02   3.75000e+02
            79   7.90000e-02  -5.52218e-02   3.75052e+02   3.75000e+02
            80   8.00000e-02  -5.49769e-02   3.75052e+02   3.75000e+02
            81   8.10000e-02  -5.52508e-02   3.75051e+02   3.75000e+02
            82   8.20000e-02  -5.52504e-02   3.75052e+02   3.75000e+02
            83   8.30000e-02  -5.51069e-02   3.75052e+02   3.75000e+02
            84   8.40000e-02  -5.52096e-02   3.75051e+02   3.75000e+02
            85   8.50000e-02  -5.54372e-02   3.75052e+02   3.75000e+02
            86   8.60000e-02  -5.52086e-02   3.75052e+02   3.75000e+02
            87   8.70000e-02  -5.51129e-02   3.75051e+02   3.75000e+02
            88   8.80000e-02  -5.51100e-02   3.75052e+02   3.75000e+02
            89   8.90000e-02  -5.52306e-02   3.75052e+02   3.75000e+02
            90   9.00000e-02  -5.55779e-02   3.75051e+02   3.75000e+02
            91   9.10000e-02  -5.54802e-02   3.75052e+02   3.75000e+02
            92   9.20000e-02  -5.54843e-02   3.75052e+02   3.75000e+02
            93   9.30000e-02  -5.53196e-02   3.75052e+02   3.75000e+02
            94   9.40000e-02  -5.51356e-02   3.75052e+02   3.75000e+02
            95   9.50000e-02  -5.53396e-02   3.75052e+02   3.75000e+02
            96   9.60000e-02  -5.55193e-02   3.75052e+02   3.75000e+02
            97   9.70000e-02  -5.57750e-02   3.75052e+02   3.75000e+02
            98   9.80000e-02  -5.57371e-02   3.75053e+02   3.75000e+02
            99   9.90000e-02  -5.54678e-02   3.75052e+02   3.75000e+02
54281 PTFE Class1 Slice 5, 08.12.2020 06:27:33
